,name,train_acc,train_F1,test_acc,test_F1
0,off_acco,0.5625,0.72,0.6458333333333334,0.7848101265822784
1,off_cul,0.6527777777777778,0.7899159663865547,0.75,0.8571428571428571
2,off_food,0.6805555555555556,0.0,0.75,0.0
3,off_lei,0.5555555555555556,0.6595744680851064,0.40625,0.49557522123893805
4,off_medi,0.6944444444444444,0.819672131147541,0.53125,0.6938775510204082
5,off_sani,0.5972222222222222,0.7478260869565216,0.5833333333333334,0.7368421052631579
6,on_acco,0.7430555555555556,0.852589641434263,0.7395833333333334,0.8502994011976047
7,on_cul,0.7062937062937062,0.8125,0.6458333333333334,0.7733333333333333
8,on_food,0.8402777777777778,0.9132075471698113,0.7083333333333334,0.8292682926829268
9,on_lei,0.8098591549295775,0.8949416342412452,0.8229166666666666,0.9028571428571429
10,on_sani,0.7291666666666666,0.8433734939759037,0.7083333333333334,0.8292682926829268
